-1 -1 -1 -1 -1 -1 -1 -1 -1 -1 -1 -1 -1 -1 -1 -1 -1 -1 -1 -1 -1 -1 -1 -1 -1 -1 -1 -1 -1 -1 -1 -1 -1 -1 -1 -1 -1 -1 -1 -1 -1 -1 
-1 -1 -1 -1 -1 -1 -1 -1 -1 -1 -1 -1 -1 -1 -1 -1 -1 -1 -1 -1 -1 -1 -1 -1 -1 -1 -1 -1 -1 -1 -1 -1 -1 -1 -1 -1 -1 -1 -1 -1 -1 -1 
-1 -1 -1 -1 -1 -1 -1 -1 -1 -1 -1 -1 -1 -1 -1 -1 -1 -1 -1 -1 -1 -1 -1 -1 -1 -1 -1 -1 -1 -1 -1 -1 -1 -1 -1 -1 -1 -1 -1 -1 -1 -1 
-1 -1 -1 -1 -1 -1 -1 -1 -1 -1 -1 -1 -1 -1 -1 -1 -1 -1 -1 -1 -1 -1 -1 -1 -1 -1 -1 -1 -1 -1 -1 -1 -1 -1 -1 -1 -1 -1 -1 -1 -1 -1 
-1 -1 -1 -1 -1 -1 -1 -1 -1 -1 -1 -1 -1 -1 -1 -1 -1 -1 -1 -1 -1 -1 -1 -1 -1 -1 -1 -1 -1 -1 -1 -1 -1 -1 -1 -1 -1 -1 -1 -1 -1 -1 
-1 -1 -1 -1 -1 -1 -1 -1 -1 -1 -1 -1 -1 -1 -1 -1 -1 -1 -1 -1 -1 -1 -1 -1 -1 -1 -1 -1 -1 -1 -1 -1 -1 -1 -1 -1 -1 -1 -1 -1 -1 -1 
-1 -1 -1 -1 -1 -1 -1 -1 -1 -1 -1 -1 -1 -1 -1 -1 -1 -1 -1 -1 -1 -1 -1 -1 -1 -1 -1 -1 -1 -1 -1 -1 -1 -1 -1 -1 -1 -1 -1 -1 -1 -1 
-1 -1 -1 -1 -1 -1 -1 -1 -1 -1 -1 -1 -1 -1 -1 -1 -1 -1 -1 -1 -1 -1 -1 -1 -1 -1 -1 -1 -1 -1 -1 -1 -1 -1 -1 -1 -1 -1 -1 -1 -1 -1 
-1 -1 -1 -1 -1 -1 -1 -1 -1 -1 -1 -1 -1 -1 -1 -1 -1 -1 -1 -1 -1 -1 -1 -1 -1 -1 -1 -1 -1 -1 -1 -1 -1 -1 -1 -1 -1 -1 -1 -1 -1 -1 
-1 -1 -1 -1 -1 -1 -1 -1 -1 -1 -1 -1 -1 -1 -1 -1 -1 -1 -1 -1 -1 -1 -1 -1 -1 -1 -1 -1 -1 -1 -1 -1 -1 -1 -1 -1 -1 -1 -1 -1 -1 -1 
-1 -1 -1 -1 -1 -1 -1 -1 -1 -1 -1 -1 -1 -1 -1 -1 -1 -1 -1 -1 -1 -1 -1 -1 -1 -1 -1 -1 -1 -1 -1 -1 -1 -1 -1 -1 -1 -1 -1 -1 -1 -1 
-1 -1 -1 -1 -1 -1 -1 -1 -1 -1 -1 -1 -1 -1 -1 -1 -1 -1 -1 -1 -1 -1 -1 -1 -1 -1 -1 -1 -1 -1 -1 -1 -1 -1 -1 -1 -1 -1 -1 -1 -1 -1 
-1 -1 -1 -1 -1 -1 -1 -1 -1 -1 -1 -1 -1 -1 -1 -1 -1 -1 -1 -1 -1 -1 -1 -1 -1 -1 -1 -1 -1 -1 -1 -1 -1 -1 -1 -1 -1 -1 -1 -1 -1 -1 
-1 -1 -1 -1 -1 -1 -1 -1 -1 -1 -1 -1 -1 -1 -1 -1 -1 -1 -1 -1 -1 -1 -1 -1 -1 -1 -1 -1 -1 -1 -1 -1 -1 -1 -1 -1 -1 -1 -1 -1 -1 -1 
-1 -1 -1 -1 -1 -1 -1 -1 -1 -1 -1 -1 -1 -1 -1 -1 -1 -1 -1 -1 -1 -1 -1 -1 -1 -1 -1 -1 -1 -1 -1 -1 -1 -1 -1 -1 -1 -1 -1 -1 -1 -1 
-1 -1 -1 -1 -1 -1 -1 -1 -1 -1 -1 -1 -1 -1 -1 -1 -1 -1 -1 -1 -1 -1 -1 -1 -1 -1 -1 -1 -1 -1 -1 -1 -1 -1 -1 -1 -1 -1 -1 -1 -1 -1 
-1 -1 -1 -1 -1 -1 -1 -1 -1 -1 -1 -1 -1 -1 -1 -1 -1 -1 -1 -1 -1 -1 -1 -1 -1 -1 -1 -1 -1 -1 -1 -1 -1 -1 -1 -1 -1 -1 -1 -1 -1 -1 
-1 -1 -1 -1 -1 -1 -1 -1 -1 -1 -1 -1 -1 -1 -1 -1 -1 -1 -1 -1 -1 -1 -1 -1 -1 -1 -1 -1 -1 -1 -1 -1 -1 -1 -1 -1 -1 -1 -1 -1 -1 -1 
-1 -1 -1 -1 -1 -1 -1 -1 -1 -1 -1 -1 -1 -1 -1 -1 -1 -1 -1 -1 -1 -1 -1 -1 -1 -1 -1 -1 -1 -1 -1 -1 -1 -1 -1 -1 -1 -1 -1 -1 -1 -1 
-1 -1 -1 -1 -1 -1 -1 -1 -1 -1 -1 -1 -1 -1 -1 -1 -1 -1 -1 -1 -1 -1 -1 -1 -1 -1 -1 -1 -1 -1 -1 -1 -1 -1 -1 -1 -1 -1 -1 -1 -1 -1 
-1 -1 -1 -1 -1 -1 -1 -1 -1 -1 -1 -1 -1 -1 -1 -1 -1 -1 -1 -1 -1 -1 -1 -1 -1 -1 -1 -1 -1 -1 -1 -1 -1 -1 -1 -1 -1 -1 -1 -1 -1 -1 
-1 -1 -1 -1 -1 -1 -1 -1 -1 -1 -1 -1 -1 -1 -1 -1 -1 -1 -1 -1 -1 -1 -1 -1 -1 -1 -1 -1 -1 -1 -1 -1 -1 -1 -1 -1 -1 -1 -1 -1 -1 -1 
-1 -1 -1 -1 -1 -1 -1 -1 -1 -1 -1 -1 -1 -1 -1 -1 -1 -1 -1 -1 -1 -1 -1 -1 -1 -1 -1 -1 -1 -1 -1 -1 -1 -1 -1 -1 -1 -1 -1 -1 -1 -1 
-1 -1 -1 -1 -1 -1 -1 -1 -1 -1 -1 -1 -1 -1 -1 -1 -1 -1 -1 -1 -1 -1 -1 -1 -1 -1 -1 -1 -1 -1 -1 -1 -1 -1 -1 -1 -1 -1 -1 -1 -1 -1 
-1 -1 -1 -1 -1 -1 -1 -1 -1 -1 -1 -1 -1 -1 -1 -1 -1 -1 -1 -1 -1 -1 -1 -1 -1 -1 -1 -1 -1 -1 -1 -1 -1 -1 -1 -1 -1 -1 -1 -1 -1 -1 
-1 -1 -1 -1 -1 -1 -1 -1 -1 -1 -1 -1 -1 -1 -1 -1 -1 -1 -1 -1 -1 -1 -1 -1 -1 -1 -1 -1 -1 -1 -1 -1 -1 -1 -1 -1 -1 -1 -1 -1 -1 -1 
-1 -1 -1 -1 -1 -1 -1 -1 -1 -1 -1 -1 -1 -1 -1 -1 -1 -1 -1 -1 -1 -1 -1 -1 -1 -1 -1 -1 -1 -1 -1 -1 -1 -1 -1 -1 -1 -1 -1 -1 -1 -1 
-1 -1 -1 -1 -1 -1 -1 -1 -1 -1 -1 -1 -1 -1 -1 -1 -1 -1 -1 -1 -1 -1 -1 -1 -1 -1 -1 -1 -1 -1 -1 -1 -1 -1 -1 -1 -1 -1 -1 -1 -1 -1 
-1 -1 -1 -1 -1 -1 -1 -1 -1 -1 -1 -1 -1 -1 -1 -1 -1 -1 -1 -1 -1 -1 -1 -1 -1 -1 -1 -1 -1 -1 -1 -1 -1 -1 -1 -1 -1 -1 -1 -1 -1 -1 
-1 -1 -1 -1 -1 -1 -1 -1 -1 -1 -1 -1 -1 -1 -1 -1 -1 -1 -1 -1 -1 -1 -1 -1 -1 -1 -1 -1 -1 -1 -1 -1 -1 -1 -1 -1 -1 -1 -1 -1 -1 -1 
-1 -1 -1 -1 -1 -1 -1 -1 -1 -1 -1 -1 -1 -1 -1 -1 -1 -1 -1 -1 -1 -1 -1 -1 -1 -1 -1 -1 -1 -1 -1 -1 -1 -1 -1 -1 -1 -1 -1 -1 -1 -1 
-1 -1 -1 -1 -1 -1 -1 -1 -1 -1 -1 -1 -1 -1 -1 -1 -1 -1 -1 -1 -1 -1 -1 -1 -1 -1 -1 -1 -1 -1 -1 -1 -1 -1 -1 -1 -1 -1 -1 -1 -1 -1 
-1 -1 -1 -1 -1 -1 -1 -1 -1 -1 -1 -1 -1 -1 -1 -1 -1 -1 -1 -1 -1 -1 -1 -1 -1 -1 -1 -1 -1 -1 -1 -1 -1 -1 -1 -1 -1 -1 -1 -1 -1 -1 
-1 -1 -1 -1 -1 -1 -1 -1 -1 -1 -1 -1 -1 -1 -1 -1 -1 -1 -1 -1 -1 -1 -1 -1 -1 -1 -1 -1 -1 -1 -1 -1 -1 -1 -1 -1 -1 -1 -1 -1 -1 -1 
-1 -1 -1 -1 -1 -1 -1 -1 -1 -1 -1 -1 -1 -1 -1 -1 -1 -1 -1 -1 -1 -1 -1 -1 -1 -1 -1 -1 -1 -1 -1 -1 -1 -1 -1 -1 -1 -1 -1 -1 -1 -1 
-1 -1 -1 -1 -1 -1 -1 -1 -1 -1 -1 -1 -1 -1 -1 -1 -1 -1 -1 -1 -1 -1 -1 -1 -1 -1 -1 -1 -1 -1 -1 -1 -1 -1 -1 -1 -1 -1 -1 -1 -1 -1 
-1 -1 -1 -1 -1 -1 -1 -1 -1 -1 -1 -1 -1 -1 -1 -1 -1 -1 -1 -1 -1 -1 -1 -1 -1 -1 -1 -1 -1 -1 -1 -1 -1 -1 -1 -1 -1 -1 -1 -1 -1 -1 
-1 -1 -1 -1 -1 -1 -1 -1 -1 -1 -1 -1 -1 -1 -1 -1 -1 -1 -1 -1 -1 -1 -1 -1 -1 -1 -1 -1 -1 -1 -1 -1 -1 -1 -1 -1 -1 -1 -1 -1 -1 -1 
-1 -1 -1 -1 -1 -1 -1 -1 -1 -1 -1 -1 -1 -1 -1 -1 -1 -1 -1 -1 -1 -1 -1 -1 -1 -1 -1 -1 -1 -1 -1 -1 -1 -1 -1 -1 -1 -1 -1 -1 -1 -1 
-1 -1 -1 -1 -1 -1 -1 -1 -1 -1 -1 -1 -1 -1 -1 -1 -1 -1 -1 -1 -1 -1 -1 -1 -1 -1 -1 -1 -1 -1 -1 -1 -1 -1 -1 -1 -1 -1 -1 -1 -1 -1 
-1 -1 -1 -1 -1 -1 -1 -1 -1 -1 -1 -1 -1 -1 -1 -1 -1 -1 -1 -1 -1 -1 -1 -1 -1 -1 -1 -1 -1 -1 -1 -1 -1 -1 -1 -1 -1 -1 -1 -1 -1 -1 
-1 -1 -1 -1 -1 -1 -1 -1 -1 -1 -1 -1 -1 -1 -1 -1 -1 -1 -1 -1 -1 -1 -1 -1 -1 -1 -1 -1 -1 -1 -1 -1 -1 -1 -1 -1 -1 -1 -1 -1 -1 -1 
-1 -1 -1 -1 -1 -1 -1 -1 -1 -1 -1 -1 -1 -1 -1 -1 -1 -1 -1 -1 -1 -1 -1 -1 -1 -1 -1 -1 -1 -1 -1 -1 -1 -1 -1 -1 -1 -1 -1 -1 -1 -1 
-1 -1 -1 -1 -1 -1 -1 -1 -1 -1 -1 -1 -1 -1 -1 -1 -1 -1 -1 -1 -1 -1 -1 -1 -1 -1 -1 -1 -1 -1 -1 -1 -1 -1 -1 -1 -1 -1 -1 -1 -1 -1 
-1 -1 -1 -1 -1 -1 -1 -1 -1 -1 -1 -1 -1 -1 -1 -1 -1 -1 -1 -1 -1 -1 -1 -1 -1 -1 -1 -1 -1 -1 -1 -1 -1 -1 -1 -1 -1 -1 -1 -1 -1 -1 
-1 -1 -1 -1 -1 -1 -1 -1 -1 -1 -1 -1 -1 -1 -1 -1 -1 -1 -1 -1 -1 -1 -1 -1 -1 -1 -1 -1 -1 -1 -1 -1 -1 -1 -1 -1 -1 -1 -1 -1 -1 -1 
-1 -1 -1 -1 -1 -1 -1 -1 -1 -1 -1 -1 -1 -1 -1 -1 -1 -1 -1 -1 -1 -1 -1 -1 -1 -1 -1 -1 -1 -1 -1 -1 -1 -1 -1 -1 -1 -1 -1 -1 -1 -1 
-1 -1 -1 -1 -1 -1 -1 -1 -1 -1 -1 -1 -1 -1 -1 -1 -1 -1 -1 -1 -1 -1 -1 -1 -1 -1 -1 -1 -1 -1 -1 -1 -1 -1 -1 -1 -1 -1 -1 -1 -1 -1 
-1 -1 -1 -1 -1 -1 -1 -1 -1 -1 -1 -1 -1 -1 -1 -1 -1 -1 -1 -1 -1 -1 -1 -1 -1 -1 -1 -1 -1 -1 -1 -1 -1 -1 -1 -1 -1 -1 -1 -1 -1 -1 
-1 -1 -1 -1 -1 -1 -1 -1 -1 -1 -1 -1 -1 -1 -1 -1 -1 -1 -1 -1 -1 -1 -1 -1 -1 -1 -1 -1 -1 -1 -1 -1 -1 -1 -1 -1 -1 -1 -1 -1 -1 -1 
-1 -1 -1 -1 -1 -1 -1 -1 -1 -1 -1 -1 -1 -1 -1 -1 -1 -1 -1 -1 -1 -1 -1 -1 -1 -1 -1 -1 -1 -1 -1 -1 -1 -1 -1 -1 -1 -1 -1 -1 -1 -1 
-1 -1 -1 -1 -1 -1 -1 -1 -1 -1 -1 -1 -1 -1 -1 -1 -1 -1 -1 -1 -1 -1 -1 -1 -1 -1 -1 -1 -1 -1 -1 -1 -1 -1 -1 -1 -1 -1 -1 -1 -1 -1 
651 691 582 657 535 615 518 579 503 546 517 563 489 505 487 490 493 494 551 551 513 484 508 475 513 481 589 542 553 479 544 473 545 481 626 536 614 481 604 474 605 479 
-1 -1 -1 -1 -1 -1 -1 -1 -1 -1 -1 -1 -1 -1 -1 -1 -1 -1 -1 -1 -1 -1 -1 -1 -1 -1 -1 -1 -1 -1 -1 -1 -1 -1 -1 -1 -1 -1 -1 -1 -1 -1 
386 499 466 451 531 371 540 287 530 216 426 228 426 132 412 77 395 29 361 226 331 125 301 67 271 19 310 250 265 165 228 118 194 75 266 296 213 237 176 201 143 165 
392 496 476 454 539 365 555 272 536 191 448 209 444 88 434 6 422 -64 383 208 357 91 329 12 304 -54 329 233 293 133 258 69 228 14 280 280 232 213 198 167 167 123 
384 568 463 516 531 424 545 328 532 248 434 275 440 164 433 99 421 43 372 272 351 154 327 83 300 24 323 296 284 198 253 138 223 84 279 341 233 274 200 232 169 192 
364 631 438 585 498 499 513 412 502 337 418 354 421 251 408 194 393 142 360 349 342 236 317 174 291 121 313 371 280 279 248 223 218 172 272 414 229 350 197 309 165 272 
325 660 395 614 454 536 476 461 463 400 390 404 394 311 379 264 360 225 337 401 320 302 293 249 264 207 293 420 261 338 231 293 202 253 254 458 217 402 188 369 160 337 
294 668 350 607 395 529 389 458 354 414 319 421 315 341 301 300 284 267 271 423 249 337 224 292 196 259 233 443 198 372 168 332 139 299 201 481 163 431 136 401 110 373 
282 649 333 599 371 527 363 459 333 411 294 422 287 341 266 301 242 269 248 424 221 338 189 296 156 263 212 444 174 374 141 337 109 307 182 480 143 431 114 402 86 376 
289 644 344 601 388 529 381 464 350 413 308 419 300 343 280 301 256 268 261 420 235 340 203 294 169 262 224 440 188 372 154 334 122 305 192 476 154 431 126 403 97 377 
299 639 355 596 399 526 397 460 371 406 320 416 312 340 293 297 270 262 274 417 247 336 216 290 183 256 236 437 200 369 167 330 135 299 205 474 166 429 137 400 110 373 
313 637 370 594 413 523 412 456 386 403 333 412 325 335 306 292 284 256 286 413 260 332 229 286 197 251 247 434 211 365 179 325 147 292 214 472 175 426 147 396 119 368 
322 635 379 591 423 520 424 452 400 397 343 407 335 330 317 287 295 250 295 408 270 327 239 281 208 246 256 429 221 361 189 321 157 288 221 468 183 422 155 392 128 364 
334 630 389 585 432 512 432 444 410 389 352 400 344 323 325 279 304 243 303 402 277 320 247 274 216 238 264 423 228 354 195 314 163 281 229 461 189 415 160 385 132 357 
341 625 396 582 438 508 440 439 419 382 361 395 354 319 336 275 316 238 312 396 285 314 256 267 225 230 272 417 235 347 202 307 168 274 236 454 196 407 166 378 137 351 
344 619 399 577 443 504 445 434 426 376 363 391 357 315 341 272 321 236 314 391 290 310 261 264 230 228 274 411 238 343 205 304 174 271 238 448 197 404 168 375 140 347 
346 615 402 572 444 498 448 428 431 369 367 382 361 308 344 266 323 233 318 382 293 303 263 259 232 225 277 403 240 336 207 299 175 268 241 440 199 396 169 369 141 342 
353 598 403 555 448 485 456 418 436 360 373 370 371 297 355 256 334 223 325 369 301 289 272 246 241 211 284 390 248 322 214 286 181 256 248 426 207 381 177 355 147 332 
353 580 403 536 449 467 455 398 430 342 377 350 376 280 361 241 341 209 330 350 308 271 281 230 249 197 290 370 254 304 221 271 187 243 253 406 213 361 184 338 153 316 
358 573 408 524 452 454 448 383 411 329 379 339 377 268 362 230 342 201 331 338 312 262 285 223 255 192 292 358 258 295 227 265 196 243 255 395 215 352 188 330 162 312 
362 568 412 517 458 445 451 375 407 326 385 332 383 260 366 225 345 198 338 332 316 257 288 220 258 195 298 354 263 290 231 261 199 243 261 393 221 350 193 327 166 309 
359 563 411 512 458 440 451 370 407 322 383 328 381 257 365 222 344 196 336 328 317 253 290 216 261 192 296 349 265 286 234 257 203 239 259 386 221 345 194 322 167 306 
357 551 407 502 455 430 448 359 403 313 383 318 382 249 366 214 347 187 336 318 317 244 291 208 261 181 296 338 264 276 233 247 203 229 258 374 220 332 194 311 167 295 
351 538 403 488 453 413 442 339 388 300 383 305 381 236 365 203 346 179 335 306 316 231 290 197 262 176 295 325 264 263 234 235 204 220 256 362 219 319 193 298 168 284 
350 527 407 483 454 402 434 331 375 301 384 299 381 231 365 201 350 196 335 297 320 221 297 195 278 203 295 315 269 249 241 226 222 240 258 352 224 306 201 285 181 285 
352 519 406 476 454 391 433 321 372 297 382 289 376 215 358 191 343 202 333 289 318 208 296 183 281 199 293 308 268 239 243 217 230 237 258 345 224 298 202 278 187 281 
354 512 409 467 455 384 436 315 375 290 383 276 378 202 360 184 345 197 335 279 319 200 296 176 278 188 296 299 270 231 244 208 226 221 260 336 227 290 205 270 188 269 
355 510 410 464 459 381 440 310 378 285 389 275 383 200 364 179 348 187 339 275 324 199 303 172 285 178 299 295 274 228 247 200 226 204 263 331 231 287 209 266 191 261 
356 511 411 462 460 379 442 305 383 281 390 276 386 205 371 182 356 179 341 276 327 203 308 174 291 172 301 296 277 233 250 203 228 199 264 333 233 289 210 268 190 259 
352 513 405 462 455 381 438 308 382 282 384 282 384 213 370 186 355 175 337 282 325 210 307 179 288 171 298 301 274 238 248 207 226 199 262 336 231 293 209 271 188 261 
343 513 398 463 447 381 427 308 370 284 379 285 379 217 364 189 348 175 331 283 320 214 300 182 280 173 292 300 269 238 244 208 221 203 254 333 223 290 201 268 180 259 
338 510 392 462 443 380 422 304 364 286 375 282 374 216 358 187 342 175 327 279 316 209 297 178 279 174 288 296 266 231 242 205 221 209 250 330 219 286 197 263 176 255 
341 506 395 459 444 378 421 306 360 290 374 275 372 208 357 181 342 176 326 273 315 201 296 172 278 177 287 290 265 226 241 204 223 219 250 326 218 281 199 263 183 265 
344 502 401 459 448 375 421 306 357 295 378 269 373 198 354 172 337 175 328 270 315 194 295 166 279 176 288 290 266 224 242 200 226 215 252 327 221 281 201 260 187 260 
345 502 402 456 449 372 423 305 359 292 379 267 374 196 357 174 342 179 330 268 316 194 298 166 283 170 290 288 267 223 246 198 230 210 253 324 223 278 202 257 186 254 
343 498 399 454 446 372 424 305 362 292 375 267 372 193 355 174 339 187 326 267 315 190 295 164 278 173 287 286 266 219 243 193 226 204 251 321 222 275 201 253 185 251 
344 500 399 452 446 370 422 303 360 290 377 264 372 191 355 173 339 182 328 264 315 189 295 162 278 169 288 284 266 219 244 191 226 198 251 320 221 276 201 253 184 248 
346 501 400 453 448 369 424 301 361 289 379 265 373 192 356 173 342 179 329 265 316 191 296 163 280 167 289 284 268 219 245 190 226 194 252 321 223 276 202 253 184 246 
344 506 399 457 448 374 426 306 364 292 379 269 375 195 358 177 343 182 330 268 320 194 300 167 281 167 290 287 270 221 243 190 219 186 252 323 223 277 199 253 177 241 
346 506 400 457 449 374 426 306 362 292 381 267 377 194 361 177 343 181 332 266 321 193 303 165 284 162 292 285 270 219 243 188 218 179 254 321 222 274 197 249 173 233 
345 503 398 456 448 373 426 304 363 291 377 271 376 200 360 175 341 167 328 267 317 193 296 158 274 143 288 284 263 217 237 184 209 168 249 319 217 271 193 244 168 225 
343 503 396 455 446 372 423 301 358 289 376 268 375 201 359 175 341 163 327 265 313 192 293 156 269 136 287 282 261 218 235 183 207 164 248 317 215 269 191 241 165 219 
341 504 394 457 442 372 420 301 356 290 375 270 373 203 359 175 341 160 326 267 312 194 292 156 269 133 286 284 261 218 235 183 207 162 248 318 216 269 191 240 165 217 
339 508 392 459 439 376 417 307 354 294 371 272 369 203 354 177 335 166 322 271 310 197 289 160 266 138 283 289 258 224 231 187 203 166 245 324 212 275 188 247 163 224 
337 507 391 460 438 376 414 306 350 295 369 275 369 206 353 179 334 166 320 271 306 197 285 160 261 138 280 288 255 223 228 187 200 167 242 323 209 275 185 247 159 225 
341 504 395 458 445 375 421 303 356 294 378 271 376 203 360 176 341 160 328 269 312 195 290 158 266 134 289 286 262 218 233 182 203 161 251 322 218 272 192 244 164 222 
339 507 394 460 444 379 423 309 359 296 376 272 376 203 362 176 343 164 326 269 314 195 294 158 270 137 286 286 261 221 235 185 207 165 247 321 215 274 191 246 167 225 
339 511 392 464 439 382 417 313 355 299 372 277 371 207 356 180 338 167 323 274 311 200 290 163 267 142 283 292 258 226 231 190 204 170 245 327 212 278 186 250 162 228 
334 510 389 463 437 380 413 310 350 298 367 275 368 206 353 179 336 168 318 272 305 199 285 162 261 142 278 290 254 225 227 193 199 177 240 325 207 279 184 254 159 237 
335 507 388 461 429 381 394 318 331 295 369 274 368 202 351 174 335 171 318 272 302 194 280 162 263 163 278 292 251 223 226 199 209 210 241 329 209 283 191 266 176 270 
345 505 392 460 415 384 386 322 337 273 370 276 368 200 346 172 329 176 321 276 305 194 279 167 267 177 279 299 246 226 223 209 219 239 243 337 203 291 192 283 199 303 
357 491 397 455 408 385 376 335 335 282 374 267 374 188 350 167 336 184 324 272 304 184 280 170 275 192 283 296 250 221 228 214 233 250 250 334 210 282 199 276 209 298 
350 471 391 440 403 381 363 338 313 293 380 259 385 184 367 166 356 187 333 259 321 168 298 152 289 180 292 278 266 205 238 190 230 219 258 311 224 270 203 259 197 272 
341 467 378 441 390 386 347 337 297 298 385 257 397 185 382 169 366 194 338 246 339 161 315 135 294 155 297 260 276 189 249 163 231 178 258 293 227 245 202 225 184 227 
332 456 364 434 375 387 332 338 281 298 384 261 402 193 392 183 374 209 340 244 352 164 333 134 307 141 299 251 291 178 269 146 244 148 259 276 235 225 211 198 187 190 
319 439 353 425 362 382 320 335 275 295 386 267 406 202 385 215 359 250 345 246 362 167 340 141 311 141 304 247 301 174 279 142 253 133 263 267 243 213 219 186 193 171 
316 429 342 422 350 381 310 332 265 293 388 270 409 214 387 233 358 267 350 244 371 172 351 149 323 148 309 239 311 166 290 135 262 125 267 252 248 196 224 169 197 155 
320 426 341 423 346 382 307 337 263 300 389 269 404 234 380 261 350 300 354 240 368 175 346 156 315 159 312 234 312 165 294 137 271 129 268 247 248 194 225 168 200 154 
313 425 339 425 352 387 313 346 269 308 395 279 405 254 374 283 340 321 358 250 381 180 348 170 310 188 316 242 319 171 296 146 271 145 271 251 251 199 227 172 203 159 
328 453 346 452 355 415 318 375 280 341 400 301 400 273 366 308 336 348 360 272 375 199 341 189 310 203 316 265 317 192 290 170 265 171 271 277 249 225 222 200 196 191 
327 469 345 472 355 440 315 409 280 375 392 324 400 299 363 338 333 383 350 298 367 220 330 218 301 241 306 293 303 219 273 207 251 221 262 307 235 257 206 241 183 243 
327 482 351 481 361 450 320 420 284 392 389 331 396 304 366 339 340 382 347 308 358 233 321 228 292 250 303 307 295 239 263 229 240 246 260 326 230 286 199 281 176 291 
323 484 357 478 366 439 322 402 281 371 385 328 400 276 377 295 351 333 342 309 354 231 327 215 299 230 299 312 287 244 258 233 235 248 257 336 223 300 198 303 180 320 
333 480 371 464 382 417 337 381 296 351 383 297 394 233 383 223 366 249 338 285 334 210 314 183 294 199 297 301 272 239 244 226 222 245 261 335 223 317 206 327 193 351 
350 479 388 452 396 397 363 357 328 315 383 272 387 206 376 185 362 198 336 269 322 193 301 164 285 175 296 292 267 230 240 222 224 245 263 334 226 308 214 321 211 348 
372 491 412 445 418 375 386 324 357 278 392 268 383 204 368 175 353 171 343 268 320 198 296 169 279 169 302 293 269 233 242 228 226 248 270 338 234 313 226 328 227 355 
401 506 438 448 447 363 414 296 380 246 394 273 379 208 360 178 346 163 346 280 315 216 289 182 272 171 309 310 268 249 244 242 234 257 282 355 239 326 233 338 238 361 
430 507 466 442 467 352 428 283 386 241 388 269 361 208 340 180 330 169 341 285 299 226 272 194 262 186 309 321 261 270 240 260 239 275 288 370 244 345 238 345 249 360 
446 503 480 424 479 332 441 265 396 216 387 267 351 207 329 180 317 161 344 291 294 236 265 201 252 182 315 329 265 284 241 266 237 269 295 376 251 353 241 346 248 348 
446 498 481 414 485 324 454 257 407 209 390 261 356 205 335 175 320 155 344 286 299 233 272 202 257 182 311 322 264 280 239 260 225 255 288 367 247 343 228 334 217 332 
443 512 487 437 501 340 474 264 427 217 394 269 363 211 341 186 322 167 345 289 304 232 277 201 254 178 309 324 265 275 235 251 207 232 284 373 240 344 211 330 184 316 
423 540 475 467 499 368 478 288 435 240 391 289 364 229 343 203 322 184 338 305 301 245 275 215 251 192 300 337 256 286 225 262 196 239 271 386 225 357 193 341 163 324 
397 565 453 495 483 397 462 316 413 275 374 308 350 246 329 219 309 203 318 321 282 257 255 227 230 208 277 353 233 299 201 273 172 254 246 405 197 373 165 355 134 337 
385 574 441 513 473 419 455 340 411 288 361 319 335 250 313 221 292 213 303 330 266 260 235 228 208 213 261 362 216 302 181 275 151 258 229 412 179 378 144 357 111 337 
373 573 435 510 472 417 459 337 419 281 357 312 336 240 313 210 290 198 301 322 267 246 234 212 203 199 257 353 214 289 178 262 144 250 221 401 174 360 138 340 102 324 
352 575 416 518 458 423 448 338 407 277 346 310 328 231 304 198 280 190 286 316 255 237 224 198 195 182 240 345 198 280 160 249 126 233 203 395 154 355 118 332 82 312 
329 581 393 525 435 429 426 341 377 287 325 309 308 225 285 190 261 186 263 314 229 229 194 188 162 171 216 343 170 272 129 238 92 220 178 394 124 352 86 327 52 306 
315 585 380 529 421 438 417 350 374 288 306 314 292 223 264 185 233 176 244 318 205 226 167 180 127 151 197 346 146 269 102 229 58 200 159 396 101 348 59 319 19 292 
310 587 378 531 420 437 419 347 379 284 301 310 285 215 257 161 224 123 241 314 200 211 157 153 115 108 194 342 139 256 91 207 45 168 154 393 91 339 45 305 2 272 
300 583 370 528 414 431 415 340 380 270 298 300 285 199 262 134 235 79 236 302 198 193 159 127 121 72 188 331 135 242 90 185 48 137 148 382 89 327 45 290 5 253 
284 582 355 528 399 434 402 340 373 266 285 299 268 193 243 127 214 69 220 300 182 190 145 121 108 61 171 329 117 239 72 179 31 127 130 378 67 319 20 280 -23 242 
280 589 354 536 401 444 402 352 371 277 282 301 268 198 244 133 217 77 219 301 180 192 141 124 102 65 169 329 115 239 70 180 28 128 128 378 66 319 19 278 -25 237 
288 592 361 543 408 451 415 362 383 290 297 303 283 202 258 137 232 83 232 302 193 190 154 122 116 65 180 329 127 238 81 179 39 130 137 378 76 322 33 282 -7 243 
295 587 369 537 417 449 426 363 399 290 307 301 295 200 273 135 248 80 242 300 205 189 166 122 128 65 190 328 137 236 93 177 52 128 145 376 83 319 39 279 -1 240 
297 582 371 533 419 443 430 354 408 280 311 296 303 193 282 127 259 72 246 294 211 181 174 114 136 57 194 320 144 225 101 166 61 118 149 368 90 309 47 268 7 229 
300 577 371 526 419 435 428 345 406 273 310 287 302 185 283 118 260 61 245 285 211 172 174 103 136 46 194 312 145 217 103 157 62 108 150 361 91 300 47 258 6 218 
303 575 375 523 422 433 430 346 411 277 315 287 307 185 287 121 263 67 250 285 215 173 178 105 140 51 199 312 148 217 106 158 67 109 156 361 96 302 54 260 16 220 
312 570 378 520 425 432 436 346 414 276 323 287 315 186 295 124 271 71 259 286 225 175 189 109 153 55 208 312 160 221 118 163 80 114 165 361 108 305 68 265 32 227 
322 571 385 518 429 430 437 343 415 274 323 291 312 193 291 133 268 83 262 291 224 186 187 125 151 73 214 318 163 231 123 178 85 132 174 366 118 311 79 275 43 240 
333 578 391 524 436 436 446 352 419 287 336 302 325 207 302 151 278 103 277 303 240 201 203 142 166 93 231 329 183 246 142 196 105 152 193 376 139 322 101 287 65 253 
348 584 403 532 447 447 461 367 438 303 353 316 343 225 323 172 301 126 296 317 260 220 226 164 192 116 251 342 206 261 168 213 134 169 214 386 162 333 126 300 91 267 
360 581 413 533 459 455 476 379 457 315 371 328 365 241 347 191 326 146 316 327 284 234 251 181 219 136 272 350 231 272 195 227 163 186 235 393 187 342 153 310 121 278 
377 579 430 531 477 455 492 381 472 321 389 335 384 253 367 205 348 163 336 335 307 246 277 195 247 152 293 357 255 282 220 239 189 200 257 398 211 348 180 316 150 284 
391 572 451 526 500 451 511 380 496 319 413 337 408 259 392 213 374 172 361 336 331 252 302 203 273 161 319 355 280 284 248 243 219 207 284 393 238 346 207 317 178 288 
416 558 474 516 524 447 534 377 519 317 435 337 431 260 417 216 401 177 387 334 359 253 334 206 308 166 347 352 309 283 279 243 251 208 312 388 268 343 238 315 210 289 
442 546 499 505 548 438 563 369 551 312 464 331 458 258 445 215 430 178 417 330 389 251 367 205 344 166 377 348 342 278 314 238 290 201 343 381 302 336 273 309 246 283 
468 539 524 498 572 430 588 363 578 305 491 330 485 262 475 222 462 188 446 327 419 251 398 208 377 171 408 344 374 277 348 238 325 202 375 376 334 333 307 306 282 278 
491 529 547 489 595 423 614 358 604 304 521 327 514 263 506 224 497 190 475 324 451 250 433 208 414 171 437 340 405 275 381 237 360 203 403 371 365 328 339 302 315 275 
519 522 574 484 622 420 640 356 630 302 548 325 543 262 535 224 527 190 504 322 482 250 466 208 449 170 466 337 437 273 415 236 395 201 432 368 396 325 372 299 350 272 
543 522 601 484 649 424 667 362 659 308 575 329 573 266 566 230 558 198 531 327 512 257 499 214 486 177 493 342 468 280 449 243 433 208 459 371 425 329 403 302 382 274 
563 520 621 482 670 423 690 362 682 310 600 331 600 269 594 233 586 203 556 329 538 260 525 219 511 183 518 344 494 282 476 245 460 212 484 373 453 330 432 303 412 276 
592 503 649 464 697 408 718 351 714 301 625 321 627 262 624 227 620 195 583 320 567 251 557 210 549 174 546 336 523 275 507 237 495 202 513 363 484 318 464 290 445 262 
611 491 668 454 712 402 732 353 737 311 652 308 656 252 654 217 651 185 610 306 600 241 591 200 583 163 574 322 555 260 541 223 530 188 540 352 513 308 493 280 477 250 
620 483 677 452 718 404 735 364 746 337 665 306 669 250 668 214 664 182 623 304 614 238 606 197 597 163 588 319 569 260 556 223 544 189 555 348 527 306 509 278 493 250 
620 479 676 450 717 404 734 366 744 339 663 306 667 250 665 217 662 187 622 304 614 241 607 202 599 169 587 319 570 262 557 226 546 192 556 347 530 305 512 278 498 250 
613 480 670 447 711 394 730 340 733 297 653 309 655 253 652 222 647 193 613 308 604 245 597 208 588 175 578 322 561 268 547 232 535 199 548 349 523 309 506 283 490 257 
602 480 659 444 705 392 725 337 724 290 644 311 645 257 640 227 634 199 604 309 593 249 583 212 574 178 568 323 552 270 538 236 524 204 537 350 512 311 496 285 480 259 
593 481 648 447 693 394 708 338 702 290 632 315 633 262 629 231 622 202 592 313 582 253 572 217 563 183 559 327 541 275 528 242 514 210 528 354 503 315 487 289 471 263 
589 483 644 448 689 396 706 341 700 292 630 316 629 261 623 230 616 201 590 314 578 253 568 217 559 184 556 328 538 275 524 241 510 209 526 354 500 314 482 289 465 263 
585 485 640 451 684 397 699 341 694 293 624 316 624 262 619 231 614 202 584 315 572 255 563 219 553 185 550 329 532 276 518 243 505 212 519 356 493 316 475 291 458 265 
585 485 641 449 687 397 703 343 696 295 622 315 623 261 620 230 615 202 582 314 571 253 563 216 554 183 549 329 531 275 517 240 503 208 519 355 494 315 475 289 457 263 
588 481 645 446 693 394 713 339 705 290 629 311 632 257 628 224 624 194 590 309 578 247 568 210 559 176 555 323 538 267 525 233 512 201 524 348 499 308 481 281 465 255 
594 480 653 442 701 390 724 337 719 290 637 305 640 251 637 220 633 192 597 305 588 244 578 206 569 173 563 320 547 264 533 230 520 199 531 346 507 306 490 278 475 251 
605 477 665 442 711 387 731 333 734 290 649 303 653 251 651 219 648 191 609 302 600 240 592 203 583 171 575 315 558 259 545 224 533 192 542 341 518 299 501 272 487 244 
623 476 679 446 721 398 734 360 742 334 670 302 675 251 676 221 674 193 628 298 621 236 615 200 608 169 592 310 577 253 566 220 556 188 560 337 537 294 521 268 507 241 
635 473 691 444 731 401 723 358 709 328 694 301 700 248 703 216 705 188 651 294 645 231 641 194 639 162 614 305 601 246 592 211 585 178 579 331 557 287 543 260 530 231 
659 468 713 435 747 386 735 345 717 323 716 299 728 244 731 213 732 184 673 291 670 227 667 189 665 155 635 302 624 243 617 206 612 173 600 326 580 281 567 252 557 224 
654 466 710 432 746 388 743 344 728 315 722 299 734 250 739 222 742 200 680 291 679 225 677 186 677 149 641 299 634 240 628 203 624 169 602 322 587 277 575 247 566 218 
625 468 683 443 729 402 745 364 756 337 690 302 699 247 702 216 705 187 648 293 647 230 645 192 645 159 611 303 602 245 595 211 591 180 576 328 556 285 543 258 533 231 
601 474 658 444 705 392 728 340 737 297 653 305 660 253 660 224 657 198 614 300 609 239 604 204 598 173 579 311 563 256 552 223 543 192 544 337 521 296 505 270 491 244 
584 472 640 440 689 390 707 336 705 287 632 308 636 257 632 227 626 198 593 303 584 243 575 208 566 175 558 316 542 261 528 228 515 196 525 342 502 301 487 274 472 247 
571 474 626 444 673 393 690 338 685 290 616 311 619 260 615 230 609 201 578 307 568 247 558 211 548 177 544 319 528 265 515 233 501 202 512 345 489 304 473 278 456 253 
561 478 614 448 660 397 677 341 669 293 606 316 607 264 601 235 593 208 567 313 558 254 546 220 534 188 534 325 518 273 504 242 490 212 502 349 479 310 463 285 447 261 
561 480 612 448 658 398 674 343 667 296 605 319 607 267 599 237 589 211 567 316 556 257 545 221 533 188 533 329 516 276 502 243 487 213 502 353 478 313 461 288 445 264 
560 480 611 447 657 396 673 343 667 297 604 318 604 266 597 236 588 210 566 316 555 256 544 221 533 188 532 328 515 275 500 243 486 212 501 352 477 312 460 287 443 262 
559 480 611 447 656 396 672 342 665 296 604 318 603 266 595 236 585 210 565 315 553 256 542 221 530 188 531 328 513 275 498 243 484 213 500 352 476 312 459 288 442 263 
563 480 617 446 664 396 680 341 673 294 608 320 608 269 601 241 592 215 571 317 561 260 550 225 538 194 538 329 521 278 506 246 491 216 506 353 483 313 466 289 449 265 
568 478 621 447 668 397 684 343 679 296 612 319 613 268 606 240 596 217 575 317 566 260 556 225 544 195 542 330 526 278 512 246 497 217 511 353 488 314 471 290 454 266 
577 475 630 441 676 392 695 339 691 294 622 316 624 266 618 238 611 214 586 314 576 257 565 223 554 193 553 326 538 275 524 244 511 216 522 349 500 311 483 286 468 263 
584 470 637 437 686 388 703 335 699 289 632 315 634 265 628 237 620 213 595 312 587 256 577 221 567 191 563 323 548 273 534 242 521 214 532 346 511 307 495 283 480 258 
585 467 639 432 687 386 704 333 700 287 635 313 638 262 631 235 624 209 598 310 591 253 583 220 573 189 565 322 550 271 537 240 525 211 534 344 512 306 496 281 482 257 
580 466 634 433 681 387 700 333 693 289 632 314 635 263 628 235 619 211 595 311 587 255 578 223 568 193 562 322 548 273 535 241 523 212 531 345 509 308 493 284 480 259 
573 467 627 435 674 388 691 334 685 289 627 317 628 267 621 240 612 216 590 314 581 259 572 227 561 199 558 324 543 275 530 245 518 216 527 347 504 312 488 289 473 266 
567 465 618 435 665 389 683 336 677 291 619 318 622 268 615 241 605 218 583 315 576 260 565 230 553 203 551 326 537 277 525 247 513 220 521 347 498 313 483 289 468 265 
560 468 609 440 656 393 674 340 666 297 612 321 614 272 606 244 595 222 577 318 568 264 557 233 544 207 545 329 531 281 518 252 504 225 515 351 492 316 477 293 462 271 
558 468 606 440 652 393 668 340 660 297 609 324 610 275 600 248 588 226 574 322 564 268 552 238 538 211 542 332 528 285 514 256 500 230 512 353 489 318 473 296 457 274 
552 469 599 440 644 394 660 342 652 299 603 326 603 277 593 251 581 228 568 323 558 270 546 240 532 213 536 334 522 286 508 258 493 233 506 354 484 319 468 298 453 276 
550 469 595 439 639 394 653 341 645 298 599 327 597 278 586 251 573 230 564 324 552 271 538 242 523 216 532 334 517 288 502 260 486 236 502 355 480 321 464 301 448 280 
547 469 592 439 635 393 649 340 640 296 595 325 593 276 581 250 567 229 561 324 549 271 535 241 519 216 530 335 515 289 500 262 484 238 500 356 479 322 463 301 447 281 
547 467 592 437 636 391 650 339 642 296 596 324 594 275 582 249 568 229 562 323 550 270 535 241 519 216 531 334 515 288 500 261 483 238 502 354 481 320 466 300 451 279 
551 465 596 435 639 390 653 338 645 296 599 323 598 274 585 249 572 229 565 322 554 270 540 240 525 214 535 332 519 287 504 260 489 237 506 353 485 319 469 298 454 279 
554 461 599 431 642 388 656 336 650 295 603 322 602 273 589 248 575 229 569 320 558 268 545 238 530 212 540 331 523 286 508 259 493 237 511 351 490 317 474 296 459 277 
555 455 600 425 645 382 660 331 653 290 607 320 607 273 595 249 581 230 574 318 565 268 551 240 536 218 545 328 530 285 516 261 501 242 516 348 497 317 482 298 467 282 
556 449 600 418 645 377 661 327 653 287 609 315 611 269 599 246 585 228 577 315 569 266 556 239 542 219 548 325 536 283 522 259 508 240 520 344 502 315 487 297 474 280 
555 442 600 412 645 372 660 322 654 282 612 312 613 267 601 244 587 227 580 311 573 264 559 238 545 218 551 321 539 279 526 256 512 238 524 341 505 312 490 293 478 276 
560 434 606 404 651 366 667 317 661 277 618 310 622 264 611 242 598 224 587 307 582 260 570 234 556 213 559 316 546 275 533 251 519 233 531 335 514 306 500 288 487 271 
564 433 611 403 657 365 674 316 671 274 626 308 630 262 619 239 606 222 595 305 590 258 578 231 565 210 566 314 554 271 542 248 529 229 537 332 520 302 506 282 495 265 
564 432 612 404 659 366 676 317 673 276 628 310 634 265 624 241 611 223 596 306 592 259 581 233 568 213 567 314 557 271 545 247 533 229 539 331 522 301 508 281 497 263 
565 432 613 404 661 366 678 318 675 276 631 309 637 264 626 241 613 223 599 305 595 258 584 232 570 213 570 313 560 270 548 247 536 229 541 331 524 301 511 281 500 262 
567 432 616 405 664 367 681 318 677 277 633 309 640 264 629 240 616 222 600 305 597 257 585 231 572 211 570 312 560 269 549 246 537 227 541 330 525 299 512 279 501 260 
569 427 618 400 669 360 684 308 665 275 633 298 639 252 632 229 621 211 599 295 596 247 587 220 575 198 568 303 558 261 548 236 537 215 536 322 520 290 508 269 497 249 
568 421 621 395 674 353 687 297 662 266 631 285 636 237 630 212 621 191 594 282 589 231 582 201 571 176 561 291 550 246 539 217 528 192 528 313 510 277 498 254 487 232 
574 422 628 393 679 346 689 289 667 251 637 275 641 228 636 202 630 177 599 272 594 218 588 186 582 157 564 282 552 234 541 203 531 176 529 304 512 267 499 243 486 219 
570 416 624 387 677 338 684 280 655 245 635 263 639 215 635 188 630 165 595 258 590 204 585 171 580 142 560 269 548 221 537 190 527 163 525 294 507 257 493 233 480 210 
565 413 620 381 672 330 676 272 645 239 630 252 633 204 629 179 625 158 589 248 583 194 577 163 572 136 553 259 540 213 530 185 521 159 516 284 497 250 485 229 475 207 
560 405 615 373 666 323 668 265 635 233 622 241 627 193 624 167 621 148 580 237 575 182 571 152 567 125 542 246 532 201 522 174 513 153 504 270 488 236 478 216 468 199 
554 394 614 365 667 313 669 252 633 223 618 228 623 180 622 155 623 136 576 223 572 168 568 137 567 111 537 232 529 186 521 162 513 143 498 255 485 222 475 203 465 187 
549 391 611 361 664 307 667 246 636 210 615 218 622 169 623 147 625 129 571 212 568 158 568 127 571 103 531 222 523 177 517 153 514 135 491 246 478 211 471 194 464 181 
550 399 608 369 649 314 667 261 699 224 613 216 619 161 622 135 628 124 569 211 563 155 565 127 574 120 529 224 521 174 519 154 525 153 491 251 473 212 466 194 467 188 
556 393 610 368 650 313 636 258 594 222 630 214 627 147 630 130 631 151 581 212 571 128 582 160 591 199 540 223 528 150 544 179 552 221 498 247 487 188 503 200 514 232 
553 403 613 370 653 295 619 232 573 196 645 223 662 151 659 212 650 247 596 225 608 172 617 242 612 261 553 238 563 212 582 278 580 289 514 257 538 252 553 296 543 303 
556 402 618 369 665 295 635 229 593 195 660 223 682 162 672 226 660 249 612 221 627 170 628 244 624 254 568 231 578 203 592 272 591 280 525 248 548 240 562 286 557 293 
575 392 642 370 704 329 710 284 671 257 680 211 690 141 687 182 680 225 627 210 627 132 628 195 631 233 580 224 577 164 586 228 592 264 535 252 538 221 551 261 560 283 
586 394 660 379 719 340 713 304 659 302 691 217 694 131 700 180 697 223 640 216 637 119 645 181 647 226 593 231 582 154 597 213 609 255 548 260 545 212 562 247 574 279 
595 398 661 384 718 343 725 301 692 273 697 223 706 135 708 168 710 211 645 221 648 122 651 173 659 222 598 234 590 151 600 205 610 255 553 259 550 206 564 241 574 279 
586 415 644 397 703 348 748 313 784 289 685 234 700 166 716 154 728 178 635 222 634 140 648 140 661 177 588 233 574 162 582 162 593 193 538 260 520 211 527 213 540 236 
582 419 637 414 689 392 720 377 727 360 689 252 710 188 724 163 732 172 639 234 643 157 651 139 659 164 590 242 581 177 582 163 589 186 542 268 521 227 519 215 524 229 
590 420 647 415 703 396 711 374 685 354 698 264 721 202 737 192 744 214 650 247 660 162 678 151 691 181 602 252 600 179 606 178 614 208 552 274 534 227 536 220 544 235 
582 435 643 422 703 392 709 356 674 331 683 259 695 194 709 182 716 205 634 245 636 164 651 150 662 176 586 257 578 182 588 180 599 208 537 285 522 239 529 241 538 265 
567 438 633 423 693 372 705 319 660 306 646 245 649 173 669 161 686 187 595 243 575 157 594 144 615 171 549 265 529 200 546 204 565 233 506 302 493 267 508 282 523 311 
561 446 630 421 687 359 691 299 642 287 624 238 617 167 624 146 639 162 574 240 545 162 552 142 573 160 533 265 500 202 509 198 531 221 496 307 477 282 492 296 513 325 
549 451 617 421 674 357 675 297 624 283 608 239 600 167 607 146 620 167 557 241 527 161 533 146 553 171 516 267 483 204 492 205 514 232 482 311 463 286 476 297 497 324 
538 454 602 415 652 353 645 295 594 279 581 241 571 175 571 154 580 163 530 245 497 167 497 156 512 174 493 272 457 209 458 209 476 230 460 316 441 290 453 301 474 325 
529 458 590 413 638 350 628 289 575 274 560 241 553 183 549 159 553 158 512 246 487 177 480 158 488 165 477 273 444 213 446 212 466 234 446 318 426 288 436 295 458 319 
529 453 589 412 637 346 623 285 571 268 564 238 556 179 550 158 552 163 514 242 491 172 484 155 490 167 477 267 444 208 440 202 452 221 444 311 419 282 426 290 446 314 
519 455 577 408 623 346 604 284 553 270 547 241 539 188 532 168 532 163 500 246 480 183 471 162 473 161 463 272 432 218 428 212 437 226 430 316 403 290 412 300 432 322 
495 456 544 405 576 335 542 279 489 269 502 249 493 198 484 175 480 165 454 254 426 193 412 175 407 178 421 280 378 230 365 234 367 254 394 325 363 313 373 330 393 355 
470 459 508 401 521 323 475 277 420 270 446 256 425 203 405 183 389 179 403 271 363 216 339 193 324 193 377 303 327 263 307 262 298 278 359 346 329 343 340 360 359 382 
457 468 488 407 490 330 443 289 390 284 409 275 378 226 353 208 336 204 370 295 324 248 294 226 275 226 348 329 293 298 273 299 267 318 335 372 306 373 317 387 337 405 
453 484 479 423 480 348 430 306 376 304 395 294 363 248 338 233 318 224 358 313 311 271 281 251 260 246 337 345 288 315 263 315 250 332 324 388 287 378 283 390 287 413 
442 491 477 445 484 382 446 346 391 332 410 301 385 246 363 230 348 235 368 316 331 262 302 242 283 242 340 344 298 300 267 291 250 303 320 383 281 358 257 352 241 357 
441 504 479 466 501 409 467 373 417 353 442 311 430 247 415 236 406 254 397 314 373 249 349 228 332 235 363 334 329 282 301 264 281 267 336 370 299 338 273 322 250 314 
451 513 491 484 520 433 484 394 434 374 480 325 481 257 474 253 467 276 435 319 424 250 406 227 390 229 398 332 374 275 351 252 332 245 365 362 332 327 307 306 285 290 
470 509 509 485 533 441 492 406 443 382 513 330 525 267 522 264 514 290 468 318 465 250 453 226 438 227 430 325 414 265 397 239 380 231 394 350 363 308 340 282 320 263 
468 504 506 487 528 446 494 412 445 390 526 334 550 278 546 274 533 297 482 318 489 250 479 224 462 224 443 322 437 259 422 231 405 222 405 341 383 298 364 271 344 251 
471 506 508 487 533 445 497 414 452 395 532 338 556 279 554 277 541 304 488 320 494 254 487 226 473 224 449 323 444 260 432 231 418 218 411 343 391 300 374 271 356 249 
473 506 511 485 538 441 506 411 461 394 533 337 557 277 556 273 543 300 490 319 497 253 492 226 478 227 451 323 447 263 436 232 422 219 413 345 394 306 376 279 359 258 
476 508 516 481 543 436 520 402 484 380 523 328 537 279 538 261 533 259 480 315 475 253 468 223 458 214 442 327 429 270 415 244 401 231 406 359 387 324 371 306 354 297 
475 507 514 471 537 422 520 384 490 354 505 321 509 274 506 251 502 231 462 315 447 257 436 226 428 206 426 333 408 282 393 266 382 260 396 367 373 342 367 340 363 345 
473 506 508 466 528 413 509 372 478 340 488 315 483 265 475 241 469 224 447 317 427 262 411 232 400 214 413 340 387 293 370 282 363 285 386 378 357 358 360 367 373 383 
472 503 506 461 520 402 498 359 460 326 473 310 459 261 445 231 435 210 432 317 408 264 388 236 373 217 402 344 367 297 351 298 344 309 381 384 351 369 359 388 376 411 
469 500 500 457 510 394 487 350 444 318 455 306 433 258 413 229 397 207 415 317 387 267 362 243 345 226 386 348 347 304 334 312 331 329 367 390 338 381 350 402 371 424 
467 501 499 454 505 387 477 340 431 314 448 308 424 258 400 228 381 203 410 321 376 271 349 244 329 227 384 349 343 309 327 311 320 324 368 388 338 378 347 399 364 423 
467 498 498 450 506 382 475 334 429 307 450 304 425 253 401 223 383 199 412 317 379 268 350 239 329 221 386 346 346 307 327 305 317 317 368 384 337 372 343 393 356 417 
462 494 493 442 499 378 474 331 427 300 447 300 423 250 399 216 381 194 409 315 375 265 346 236 325 215 383 344 343 303 323 300 313 312 363 378 333 369 338 388 351 411 
464 492 493 442 500 376 472 328 424 297 448 298 424 246 399 214 381 191 411 313 377 264 348 234 326 212 384 343 346 300 324 296 312 309 364 378 333 365 335 383 345 407 
465 493 496 443 504 377 475 326 427 296 451 298 428 247 405 215 387 189 414 312 382 261 354 233 331 211 387 340 349 298 328 297 315 309 368 376 336 362 338 382 349 407 
469 490 499 443 508 378 480 331 436 297 455 297 434 246 413 215 397 191 418 310 387 260 360 232 338 213 391 339 354 297 333 296 321 309 372 376 341 363 343 382 354 407 
471 490 503 445 514 383 489 337 445 302 462 297 443 246 425 214 411 193 424 308 394 256 369 226 350 209 394 336 359 292 338 288 327 300 373 372 341 361 342 374 353 392 
473 498 506 454 522 398 499 354 462 323 476 304 467 254 454 228 438 208 436 307 410 253 388 223 368 203 404 331 374 289 348 281 329 283 379 369 349 355 338 360 330 369 
475 500 513 461 532 409 507 371 471 343 487 311 482 261 474 238 465 224 446 311 423 252 404 219 387 199 414 333 386 291 360 277 340 272 389 371 362 357 350 359 339 365 
481 506 523 481 552 439 533 406 494 384 519 323 518 274 513 253 506 242 471 315 457 252 444 218 430 195 433 332 410 280 390 260 372 248 401 365 375 332 358 320 341 313 
486 515 524 498 555 471 556 445 527 429 538 339 553 297 553 278 549 273 492 325 488 263 480 232 472 204 450 334 434 281 418 256 404 235 414 362 387 327 367 307 348 291 
489 513 526 501 555 478 552 453 519 438 556 352 579 308 582 293 578 291 512 331 518 267 514 234 508 203 470 333 462 274 449 246 434 221 430 355 407 312 387 289 368 268 
488 511 524 503 557 481 546 456 511 442 566 357 594 313 598 298 590 299 522 332 532 271 530 237 524 210 479 333 476 275 464 245 452 221 438 352 417 309 399 284 381 261 
485 510 520 502 553 481 542 457 508 443 565 358 591 315 596 299 591 299 523 332 533 271 531 238 524 214 481 332 480 273 468 242 454 219 438 350 418 306 400 279 384 255 
488 509 526 500 562 479 573 460 558 454 557 345 582 295 586 279 581 284 513 329 518 267 517 233 514 214 471 338 465 282 454 257 443 244 431 366 410 332 395 322 380 320 
507 509 548 493 577 467 592 449 602 432 548 328 555 274 562 252 572 250 501 326 486 265 480 229 483 215 461 349 437 296 428 286 428 298 429 388 401 356 393 363 394 385 
513 507 559 477 587 436 605 406 621 379 535 314 533 260 533 233 536 214 488 319 467 262 457 231 455 215 451 348 418 296 413 297 419 310 424 392 393 366 397 381 413 403 
520 498 569 458 597 408 610 370 630 338 518 300 506 243 503 215 511 199 473 314 441 256 432 231 439 224 442 348 403 299 403 299 419 313 423 394 395 373 407 388 430 408 
521 489 569 443 593 382 602 336 618 298 502 291 476 233 472 206 482 190 461 309 418 253 412 232 428 231 434 345 388 298 396 305 422 321 422 391 400 381 420 400 451 419 
522 481 567 429 586 364 588 317 593 278 484 287 452 236 445 209 452 197 446 310 395 262 392 241 409 235 424 349 382 313 404 331 436 352 417 395 406 394 435 412 468 427 
524 478 564 423 577 355 574 307 574 268 471 292 432 246 421 218 424 202 436 319 379 274 375 257 391 255 417 360 381 338 419 365 460 391 414 406 409 410 448 431 485 446 
524 478 558 419 570 355 563 312 560 272 455 306 411 269 389 251 378 241 423 338 376 314 362 314 359 321 409 377 385 387 424 419 462 442 406 421 407 445 447 465 485 474 
528 474 564 421 572 364 566 320 562 283 455 312 415 276 392 258 373 246 422 340 374 311 354 312 345 325 409 378 369 385 399 420 430 446 411 423 388 442 415 466 449 480 
530 478 568 432 582 381 573 345 566 309 474 300 446 257 427 236 411 222 436 322 394 286 368 270 356 266 413 358 366 329 350 337 350 355 404 402 363 393 355 402 359 419 
526 483 564 436 582 391 572 359 563 325 472 300 445 252 424 229 403 214 429 321 388 284 360 270 337 269 405 355 361 330 334 330 311 337 394 400 353 395 329 401 310 411 
513 494 551 459 572 420 566 393 540 367 487 304 464 249 443 223 421 209 442 316 402 265 372 246 342 239 411 342 366 301 334 290 304 288 393 381 348 356 318 348 291 343 
510 504 551 475 577 439 570 407 545 374 526 311 513 252 495 225 477 213 478 311 450 250 423 223 395 207 442 329 406 280 375 260 344 248 415 363 376 330 349 315 323 302 
506 513 550 493 582 457 576 420 558 380 560 325 565 267 553 240 535 226 514 314 501 248 483 213 461 187 474 323 454 263 429 234 403 208 440 349 411 305 388 280 365 257 
504 507 546 491 581 459 580 423 568 384 581 331 599 271 596 242 584 229 536 314 537 244 528 206 513 175 495 318 485 254 467 218 446 189 455 340 434 291 415 261 396 234 
491 502 533 491 568 465 575 433 568 393 585 334 613 275 613 248 602 237 543 313 553 242 550 202 541 171 501 314 499 249 488 213 476 181 459 332 443 283 428 254 412 225 
485 503 523 492 557 469 573 441 573 402 579 332 609 279 614 250 608 238 538 312 552 244 549 205 544 173 496 314 498 251 490 214 481 182 454 331 442 282 428 251 415 222 
488 507 529 490 560 458 577 422 603 398 570 326 593 275 598 243 597 219 528 310 535 243 531 202 526 165 486 317 485 256 473 223 459 196 445 341 432 295 417 273 400 256 
510 509 552 476 578 436 594 396 630 381 565 310 574 255 574 222 575 196 519 308 509 245 500 206 499 174 477 327 461 267 450 254 444 261 440 359 416 317 408 312 406 323 
534 504 585 460 617 403 624 355 638 317 539 299 533 244 530 213 532 187 493 311 470 253 464 230 468 218 459 342 422 293 424 301 439 317 433 385 403 359 413 371 437 390 
561 489 603 434 624 369 619 321 597 286 513 299 484 245 481 217 491 199 475 325 424 272 425 249 447 239 455 364 405 331 416 325 442 328 449 411 429 403 454 409 488 418 
569 479 601 408 601 335 583 290 557 258 476 304 425 265 416 241 425 227 452 341 381 304 384 282 410 267 448 385 387 364 411 356 449 354 459 433 438 427 471 426 512 427 
